//TCPNoCongestionControl
0.000000 1 -1.000000
0.050000 1 0.000893
0.100000 1 0.000901
0.150000 1 0.000912
0.200000 1 0.000917
0.250000 1 0.000935
0.300000 1 0.000952
0.350000 1 0.001118
0.400000 1 0.001126
0.450000 1 0.001137
0.500000 1 0.001141
0.550000 1 0.001156
0.600000 1 0.001154
0.650000 1 0.001155
0.700000 1 0.001140
0.750000 1 0.001238
0.800000 1 0.001222
0.850000 1 0.001236
0.900000 1 0.001238
0.950000 1 0.001222
0.000000 2 -1.000000
0.050000 2 0.000890
0.100000 2 0.000883
0.150000 2 0.000901
0.200000 2 0.000898
0.250000 2 0.000933
0.300000 2 0.001083
0.350000 2 0.001010
0.400000 2 0.001116
0.450000 2 0.001130
0.500000 2 0.001137
0.550000 2 0.001142
0.600000 2 0.001177
0.650000 2 0.001201
0.700000 2 0.001178
0.750000 2 0.001134
0.800000 2 0.001233
0.850000 2 0.001196
0.900000 2 0.001250
0.950000 2 0.001221
0.000000 3 -1.000000
0.050000 3 0.000900
0.100000 3 0.000886
0.150000 3 0.000882
0.200000 3 0.000903
0.250000 3 0.000929
0.300000 3 0.000991
0.350000 3 0.001057
0.400000 3 0.001143
0.450000 3 0.001119
0.500000 3 0.001124
0.550000 3 0.001147
0.600000 3 0.001138
0.650000 3 0.001160
0.700000 3 0.001186
0.750000 3 0.001230
0.800000 3 0.001242
0.850000 3 0.001228
0.900000 3 0.001257
0.950000 3 0.001247
0.000000 4 -1.000000
0.050000 4 0.000875
0.100000 4 0.000927
0.150000 4 0.000870
0.200000 4 0.000933
0.250000 4 0.001028
0.300000 4 0.001039
0.350000 4 0.001128
0.400000 4 0.001133
0.450000 4 0.001118
0.500000 4 0.001129
0.550000 4 0.001140
0.600000 4 0.001141
0.650000 4 0.001174
0.700000 4 0.001212
0.750000 4 0.001163
0.800000 4 0.001243
0.850000 4 0.001224
0.900000 4 0.001247
0.950000 4 0.001236
0.000000 5 -1.000000
0.050000 5 0.000961
0.100000 5 0.000957
0.150000 5 0.000992
0.200000 5 0.000969
0.250000 5 0.001110
0.300000 5 0.001108
0.350000 5 0.001088
0.400000 5 0.001136
0.450000 5 0.001123
0.500000 5 0.001145
0.550000 5 0.001134
0.600000 5 0.001166
0.650000 5 0.000589
0.700000 5 0.001186
0.750000 5 0.001207
0.800000 5 0.001225
0.850000 5 0.001242
0.900000 5 0.001244
0.950000 5 0.001249
0.000000 6 -1.000000
0.050000 6 0.001008
0.100000 6 0.001049
0.150000 6 0.001060
0.200000 6 0.001004
0.250000 6 0.001102
0.300000 6 0.001094
0.350000 6 0.001133
0.400000 6 0.001129
0.450000 6 0.001146
0.500000 6 0.001135
0.550000 6 0.001156
0.600000 6 0.001204
0.650000 6 0.001186
0.700000 6 0.001210
0.750000 6 0.001180
0.800000 6 0.001217
0.850000 6 0.001232
0.900000 6 0.001244
0.950000 6 0.001241
0.000000 7 -1.000000
0.050000 7 0.001094
0.100000 7 0.001142
0.150000 7 0.001097
0.200000 7 0.001066
0.250000 7 0.001111
0.300000 7 0.001109
0.350000 7 0.001163
0.400000 7 0.001154
0.450000 7 0.001154
0.500000 7 0.001184
0.550000 7 0.001204
0.600000 7 0.001208
0.650000 7 0.001197
0.700000 7 0.001204
0.750000 7 0.001231
0.800000 7 0.001200
0.850000 7 0.001227
0.900000 7 0.001240
0.950000 7 0.001242
0.000000 8 -1.000000
0.050000 8 0.001100
0.100000 8 0.001101
0.150000 8 0.001148
0.200000 8 0.001091
0.250000 8 0.001114
0.300000 8 0.001117
0.350000 8 0.001154
0.400000 8 0.001113
0.450000 8 0.001153
0.500000 8 0.001167
0.550000 8 0.001187
0.600000 8 0.001195
0.650000 8 0.001197
0.700000 8 0.001205
0.750000 8 0.001208
0.800000 8 0.001253
0.850000 8 0.001234
0.900000 8 0.001221
0.950000 8 0.001247
0.000000 9 -1.000000
0.050000 9 -1.000000
0.100000 9 0.001099
0.150000 9 0.001123
0.200000 9 0.001097
0.250000 9 0.001132
0.300000 9 0.001145
0.350000 9 0.001139
0.400000 9 0.001142
0.450000 9 0.001156
0.500000 9 0.001163
0.550000 9 0.000550
0.600000 9 0.001181
0.650000 9 0.000598
0.700000 9 0.001176
0.750000 9 0.001222
0.800000 9 0.001195
0.850000 9 0.001223
0.900000 9 0.001241
0.950000 9 0.001247
0.000000 10 -1.000000
0.050000 10 0.001043
0.100000 10 0.001105
0.150000 10 0.001112
0.200000 10 0.001132
0.250000 10 0.001147
0.300000 10 0.001155
0.350000 10 0.001157
0.400000 10 0.001154
0.450000 10 0.001158
0.500000 10 0.001194
0.550000 10 0.001171
0.600000 10 0.001180
0.650000 10 0.001185
0.700000 10 0.001181
0.750000 10 0.001212
0.800000 10 0.001169
0.850000 10 0.001238
0.900000 10 0.001258
0.950000 10 0.001250
0.000000 11 -1.000000
0.050000 11 -1.000000
0.100000 11 0.001102
0.150000 11 0.001118
0.200000 11 0.001174
0.250000 11 0.001146
0.300000 11 0.001146
0.350000 11 0.001171
0.400000 11 0.001167
0.450000 11 0.001184
0.500000 11 0.001160
0.550000 11 0.001187
0.600000 11 0.001209
0.650000 11 0.001193
0.700000 11 0.001201
0.750000 11 0.001196
0.800000 11 0.001238
0.850000 11 0.001207
0.900000 11 0.001224
0.950000 11 0.001251
0.000000 12 -1.000000
0.050000 12 0.001127
0.100000 12 0.001137
0.150000 12 0.001140
0.200000 12 0.001175
0.250000 12 0.001165
0.300000 12 0.001177
0.350000 12 0.001166
0.400000 12 0.001180
0.450000 12 0.001165
0.500000 12 0.001220
0.550000 12 0.001179
0.600000 12 0.001187
0.650000 12 0.001201
0.700000 12 0.001212
0.750000 12 0.001212
0.800000 12 0.001153
0.850000 12 0.001220
0.900000 12 0.001248
0.950000 12 0.001250
0.000000 13 -1.000000
0.050000 13 0.001115
0.100000 13 0.001120
0.150000 13 0.001121
0.200000 13 0.001168
0.250000 13 0.001142
0.300000 13 0.001168
0.350000 13 0.001161
0.400000 13 0.001186
0.450000 13 0.001150
0.500000 13 0.001214
0.550000 13 0.001173
0.600000 13 0.001199
0.650000 13 0.001212
0.700000 13 0.001191
0.750000 13 0.001200
0.800000 13 0.001153
0.850000 13 0.001228
0.900000 13 0.001249
0.950000 13 0.001248
0.000000 14 -1.000000
0.050000 14 0.001143
0.100000 14 0.001140
0.150000 14 0.001168
0.200000 14 0.001161
0.250000 14 0.001158
0.300000 14 0.001164
0.350000 14 0.001175
0.400000 14 0.001182
0.450000 14 0.001172
0.500000 14 0.001189
0.550000 14 0.001202
0.600000 14 0.001202
0.650000 14 0.001197
0.700000 14 0.001194
0.750000 14 0.001215
0.800000 14 0.001165
0.850000 14 0.001219
0.900000 14 0.001242
0.950000 14 0.001245
0.000000 15 -1.000000
0.050000 15 -1.000000
0.100000 15 0.001153
0.150000 15 0.001160
0.200000 15 0.001167
0.250000 15 0.001149
0.300000 15 0.001163
0.350000 15 0.001178
0.400000 15 0.001180
0.450000 15 0.001181
0.500000 15 0.001179
0.550000 15 0.001167
0.600000 15 0.001195
0.650000 15 0.001204
0.700000 15 0.001196
0.750000 15 0.001205
0.800000 15 0.001212
0.850000 15 0.001215
0.900000 15 0.001259
0.950000 15 0.000728
0.000000 16 -1.000000
0.050000 16 -1.000000
0.100000 16 0.001144
0.150000 16 0.001169
0.200000 16 0.000530
0.250000 16 0.001163
0.300000 16 0.001147
0.350000 16 0.001175
0.400000 16 0.001163
0.450000 16 0.001182
0.500000 16 0.001204
0.550000 16 0.001177
0.600000 16 0.001173
0.650000 16 0.001194
0.700000 16 0.001207
0.750000 16 0.001235
0.800000 16 0.001212
0.850000 16 0.001224
0.900000 16 0.001247
0.950000 16 0.001243
0.000000 17 -1.000000
0.050000 17 -1.000000
0.100000 17 0.001139
0.150000 17 0.001152
0.200000 17 0.001146
0.250000 17 0.001144
0.300000 17 0.001171
0.350000 17 0.001171
0.400000 17 0.000590
0.450000 17 0.001195
0.500000 17 0.001185
0.550000 17 0.001212
0.600000 17 0.001187
0.650000 17 0.001194
0.700000 17 0.001217
0.750000 17 0.001195
0.800000 17 0.001229
0.850000 17 0.001209
0.900000 17 0.001228
0.950000 17 0.001220
0.000000 18 -1.000000
0.050000 18 -1.000000
0.100000 18 -1.000000
0.150000 18 0.001159
0.200000 18 0.001153
0.250000 18 0.001160
0.300000 18 0.001164
0.350000 18 0.001178
0.400000 18 0.001164
0.450000 18 0.001168
0.500000 18 0.001189
0.550000 18 0.001198
0.600000 18 0.001195
0.650000 18 0.001197
0.700000 18 0.001205
0.750000 18 0.001244
0.800000 18 0.001260
0.850000 18 0.001230
0.900000 18 0.001230
0.950000 18 0.001231
0.000000 19 -1.000000
0.050000 19 -1.000000
0.100000 19 0.001132
0.150000 19 0.001146
0.200000 19 0.001153
0.250000 19 0.001164
0.300000 19 0.001163
0.350000 19 0.001176
0.400000 19 0.001172
0.450000 19 0.001180
0.500000 19 0.001183
0.550000 19 0.001187
0.600000 19 0.001192
0.650000 19 0.001197
0.700000 19 0.001218
0.750000 19 0.001213
0.800000 19 0.001215
0.850000 19 0.001239
0.900000 19 0.001248
0.950000 19 0.001229
0.000000 20 -1.000000
0.050000 20 0.001193
0.100000 20 0.001156
0.150000 20 0.001151
0.200000 20 0.001146
0.250000 20 0.001160
0.300000 20 0.001169
0.350000 20 0.001179
0.400000 20 0.001191
0.450000 20 0.001177
0.500000 20 0.001169
0.550000 20 0.001187
0.600000 20 0.001195
0.650000 20 0.001207
0.700000 20 0.001219
0.750000 20 0.001210
0.800000 20 0.001130
0.850000 20 0.001217
0.900000 20 0.001238
0.950000 20 0.001244
0.000000 21 0.000426
0.050000 21 0.001086
0.100000 21 0.001145
0.150000 21 0.001140
0.200000 21 0.001148
0.250000 21 0.001151
0.300000 21 0.001173
0.350000 21 0.001159
0.400000 21 0.001148
0.450000 21 0.001189
0.500000 21 0.001197
0.550000 21 0.001190
0.600000 21 0.001194
0.650000 21 0.001215
0.700000 21 0.001201
0.750000 21 0.001209
0.800000 21 0.001260
0.850000 21 0.001211
0.900000 21 0.001247
0.950000 21 0.001237
0.000000 22 -1.000000
0.050000 22 -1.000000
0.100000 22 0.001173
0.150000 22 0.001161
0.200000 22 0.001165
0.250000 22 0.001170
0.300000 22 0.001166
0.350000 22 0.001182
0.400000 22 0.001182
0.450000 22 0.001195
0.500000 22 0.001171
0.550000 22 0.001191
0.600000 22 0.001198
0.650000 22 0.001211
0.700000 22 0.001208
0.750000 22 0.001233
0.800000 22 0.001156
0.850000 22 0.001239
0.900000 22 0.001221
0.950000 22 0.001234
0.000000 23 -1.000000
0.050000 23 0.001167
0.100000 23 0.001139
0.150000 23 0.001162
0.200000 23 0.000531
0.250000 23 0.001171
0.300000 23 0.001186
0.350000 23 0.001195
0.400000 23 0.001164
0.450000 23 0.001198
0.500000 23 0.001181
0.550000 23 0.001181
0.600000 23 0.001205
0.650000 23 0.001215
0.700000 23 0.001195
0.750000 23 0.001226
0.800000 23 0.001189
0.850000 23 0.001199
0.900000 23 0.001225
0.950000 23 0.001253
0.000000 24 -1.000000
0.050000 24 0.001112
0.100000 24 0.001122
0.150000 24 0.001152
0.200000 24 0.001142
0.250000 24 0.001158
0.300000 24 0.001183
0.350000 24 0.001180
0.400000 24 0.001178
0.450000 24 0.001180
0.500000 24 0.001198
0.550000 24 0.001193
0.600000 24 0.001206
0.650000 24 0.001199
0.700000 24 0.001205
0.750000 24 0.001221
0.800000 24 0.001276
0.850000 24 0.001184
0.900000 24 0.001262
0.950000 24 0.001241
0.000000 25 -1.000000
0.050000 25 0.001104
0.100000 25 0.001167
0.150000 25 0.001172
0.200000 25 0.001166
0.250000 25 0.001161
0.300000 25 0.001170
0.350000 25 0.001171
0.400000 25 0.001197
0.450000 25 0.001191
0.500000 25 0.001192
0.550000 25 0.001173
0.600000 25 0.001205
0.650000 25 0.001213
0.700000 25 0.001205
0.750000 25 0.001254
0.800000 25 0.001081
0.850000 25 0.001198
0.900000 25 0.001250
0.950000 25 0.001246
0.000000 26 -1.000000
0.050000 26 -1.000000
0.100000 26 0.001123
0.150000 26 0.001145
0.200000 26 0.001149
0.250000 26 0.001161
0.300000 26 0.001169
0.350000 26 0.001181
0.400000 26 0.001169
0.450000 26 0.001184
0.500000 26 0.001171
0.550000 26 0.001194
0.600000 26 0.001198
0.650000 26 0.001213
0.700000 26 0.001234
0.750000 26 0.001219
0.800000 26 0.001184
0.850000 26 0.001177
0.900000 26 0.001237
0.950000 26 0.001248
0.000000 27 -1.000000
0.050000 27 0.001096
0.100000 27 0.001125
0.150000 27 0.001147
0.200000 27 0.001149
0.250000 27 0.001148
0.300000 27 0.001156
0.350000 27 0.001170
0.400000 27 0.001190
0.450000 27 0.001181
0.500000 27 0.001194
0.550000 27 0.001186
0.600000 27 0.001196
0.650000 27 0.001202
0.700000 27 0.001198
0.750000 27 0.001237
0.800000 27 0.001235
0.850000 27 0.001211
0.900000 27 0.001240
0.950000 27 0.001254
0.000000 28 -1.000000
0.050000 28 0.001092
0.100000 28 0.001134
0.150000 28 0.001165
0.200000 28 0.001109
0.250000 28 0.001162
0.300000 28 0.001174
0.350000 28 0.001173
0.400000 28 0.001187
0.450000 28 0.001188
0.500000 28 0.001212
0.550000 28 0.001215
0.600000 28 0.001193
0.650000 28 0.001200
0.700000 28 0.001218
0.750000 28 0.001266
0.800000 28 0.001301
0.850000 28 0.001190
0.900000 28 0.001219
0.950000 28 0.001256
0.000000 29 -1.000000
0.050000 29 0.001118
0.100000 29 0.001149
0.150000 29 0.001128
0.200000 29 0.001162
0.250000 29 0.001164
0.300000 29 0.001174
0.350000 29 0.001188
0.400000 29 0.001187
0.450000 29 0.001173
0.500000 29 0.001175
0.550000 29 0.001197
0.600000 29 0.001193
0.650000 29 0.001210
0.700000 29 0.001209
0.750000 29 0.001205
0.800000 29 0.001225
0.850000 29 0.001208
0.900000 29 0.001229
0.950000 29 0.001259
0.000000 30 -1.000000
0.050000 30 0.001099
0.100000 30 0.001155
0.150000 30 0.001167
0.200000 30 0.001181
0.250000 30 0.001164
0.300000 30 0.001161
0.350000 30 0.001147
0.400000 30 0.001193
0.450000 30 0.001185
0.500000 30 0.001182
0.550000 30 0.001196
0.600000 30 0.001201
0.650000 30 0.001218
0.700000 30 0.001226
0.750000 30 0.001191
0.800000 30 0.001298
0.850000 30 0.001186
0.900000 30 0.001219
0.950000 30 0.001259
0.000000 31 -1.000000
0.050000 31 0.001170
0.100000 31 0.001158
0.150000 31 0.001147
0.200000 31 0.000535
0.250000 31 0.001156
0.300000 31 0.001189
0.350000 31 0.001158
0.400000 31 0.001186
0.450000 31 0.001179
0.500000 31 0.001193
0.550000 31 0.001198
0.600000 31 0.001216
0.650000 31 0.001226
0.700000 31 0.001205
0.750000 31 0.001220
0.800000 31 0.001291
0.850000 31 0.001233
0.900000 31 0.001236
0.950000 31 0.001250
0.000000 32 -1.000000
0.050000 32 0.001125
0.100000 32 0.001146
0.150000 32 0.001148
0.200000 32 0.001148
0.250000 32 0.001183
0.300000 32 0.001169
0.350000 32 0.001175
0.400000 32 0.001200
0.450000 32 0.001192
0.500000 32 0.001194
0.550000 32 0.001194
0.600000 32 0.001203
0.650000 32 0.001212
0.700000 32 0.001230
0.750000 32 0.001276
0.800000 32 0.001264
0.850000 32 0.001246
0.900000 32 0.001261
0.950000 32 0.001238
0.000000 33 -1.000000
0.050000 33 0.001077
0.100000 33 0.001157
0.150000 33 0.001161
0.200000 33 0.001159
0.250000 33 0.001141
0.300000 33 0.000574
0.350000 33 0.001181
0.400000 33 0.001194
0.450000 33 0.001199
0.500000 33 0.001190
0.550000 33 0.001184
0.600000 33 0.001191
0.650000 33 0.001211
0.700000 33 0.001224
0.750000 33 0.001216
0.800000 33 0.001220
0.850000 33 0.001216
0.900000 33 0.001239
0.950000 33 0.001244
0.000000 34 -1.000000
0.050000 34 -1.000000
0.100000 34 0.001157
0.150000 34 0.001159
0.200000 34 0.001146
0.250000 34 0.001145
0.300000 34 0.001160
0.350000 34 0.001159
0.400000 34 0.001202
0.450000 34 0.001198
0.500000 34 0.001205
0.550000 34 0.001180
0.600000 34 0.001184
0.650000 34 0.001206
0.700000 34 0.001195
0.750000 34 0.001181
0.800000 34 0.001269
0.850000 34 0.001157
0.900000 34 0.001226
0.950000 34 0.001249
0.000000 35 -1.000000
0.050000 35 0.001197
0.100000 35 0.001124
0.150000 35 0.001148
0.200000 35 0.001154
0.250000 35 0.001152
0.300000 35 0.001179
0.350000 35 0.001190
0.400000 35 0.001187
0.450000 35 0.001184
0.500000 35 0.001205
0.550000 35 0.001196
0.600000 35 0.001195
0.650000 35 0.001210
0.700000 35 0.001230
0.750000 35 0.001160
0.800000 35 0.001127
0.850000 35 0.001157
0.900000 35 0.001219
0.950000 35 0.001247
0.000000 36 -1.000000
0.050000 36 -1.000000
0.100000 36 0.001142
0.150000 36 0.001161
0.200000 36 0.001147
0.250000 36 0.001163
0.300000 36 0.000570
0.350000 36 0.001182
0.400000 36 0.001185
0.450000 36 0.001194
0.500000 36 0.001197
0.550000 36 0.001206
0.600000 36 0.001208
0.650000 36 0.001207
0.700000 36 0.001197
0.750000 36 0.001253
0.800000 36 0.001256
0.850000 36 0.001245
0.900000 36 0.001227
0.950000 36 0.001246
0.000000 37 -1.000000
0.050000 37 0.001147
0.100000 37 0.001163
0.150000 37 0.001171
0.200000 37 0.001163
0.250000 37 0.001192
0.300000 37 0.001175
0.350000 37 0.001191
0.400000 37 0.001206
0.450000 37 0.000584
0.500000 37 0.001204
0.550000 37 0.001206
0.600000 37 0.001198
0.650000 37 0.001225
0.700000 37 0.001206
0.750000 37 0.001195
0.800000 37 0.001147
0.850000 37 0.001203
0.900000 37 0.001242
0.950000 37 0.001235
0.000000 38 -1.000000
0.050000 38 0.001178
0.100000 38 0.001143
0.150000 38 0.001162
0.200000 38 0.001163
0.250000 38 0.001154
0.300000 38 0.001167
0.350000 38 0.001195
0.400000 38 0.001193
0.450000 38 0.001190

//TCPReno
0.000000 1 -1.000000
0.050000 1 0.000620
0.100000 1 0.000634
0.150000 1 0.000653
0.200000 1 0.000668
0.250000 1 0.000685
0.300000 1 0.000702
0.350000 1 0.000712
0.400000 1 0.000727
0.450000 1 0.000746
