0.500000 50 3.167194 0.055583 0.001184 0.000911 0.027487 0.182666
0.550000 50 3.136788 0.055583 0.001220 0.000911 0.028653 0.182666
0.600000 50 3.112361 0.055583 0.001216 0.000911 0.028824 0.182666
0.650000 50 3.065794 0.055583 0.001242 0.000911 0.028798 0.182666
0.700000 50 3.238211 0.055583 0.001227 0.000911 0.028872 0.182666
0.750000 50 3.102787 0.055583 0.001247 0.000911 0.028878 0.182666
0.800000 50 3.135573 0.055583 0.001243 0.000911 0.028790 0.182666
0.850000 50 3.213080 0.055583 0.001245 0.000911 0.028871 0.182666
0.900000 50 3.140435 0.055583 0.001232 0.000911 0.028566 0.182666
0.950000 50 3.040545 0.055583 0.001265 0.000911 0.029183 0.182666
0.500000 50 3.167194 0.055583 0.001184 0.000911 0.027487 0.182666
0.512500 50 3.142634 0.055583 0.001191 0.000911 0.028779 0.182666
0.525000 50 3.087350 0.055583 0.001198 0.000911 0.028514 0.182666
0.537500 50 3.125943 0.055583 0.001210 0.000911 0.028949 0.182666
0.550000 50 3.136788 0.055583 0.001220 0.000911 0.028653 0.182666
0.562500 50 3.164348 0.055583 0.001206 0.000911 0.028246 0.182666
0.575000 50 3.088324 0.055583 0.001218 0.000911 0.028476 0.182666
0.587500 50 3.199425 0.055583 0.001199 0.000911 0.028343 0.182666
0.600000 50 3.112361 0.055583 0.001216 0.000911 0.028824 0.182666
0.612500 50 3.129195 0.055583 0.001220 0.000911 0.028638 0.182666
0.625000 50 3.160865 0.055583 0.001227 0.000911 0.028304 0.182666
0.637500 50 3.183107 0.055583 0.001221 0.000911 0.027905 0.182666
0.650000 50 3.065794 0.055583 0.001242 0.000911 0.028798 0.182666
0.662500 50 3.175154 0.055583 0.001228 0.000911 0.028577 0.182666
0.675000 50 3.134475 0.055583 0.001233 0.000911 0.028598 0.182666
0.687500 50 3.167230 0.055583 0.001234 0.000911 0.029033 0.182666
0.700000 50 3.238211 0.055583 0.001227 0.000911 0.028872 0.182666
0.712500 50 3.173151 0.055583 0.001227 0.000911 0.028585 0.182666
0.725000 50 3.118591 0.055583 0.001230 0.000911 0.028786 0.182666
0.737500 50 3.189279 0.055583 0.001225 0.000911 0.028681 0.182666
0.750000 50 3.102787 0.055583 0.001247 0.000911 0.028878 0.182666
0.762500 50 3.169817 0.055583 0.001232 0.000911 0.028071 0.182666
0.775000 50 3.224204 0.055583 0.001234 0.000911 0.028261 0.182666
0.787500 50 3.134851 0.055583 0.001243 0.000911 0.028631 0.182666
0.800000 50 3.135573 0.055583 0.001243 0.000911 0.028790 0.182666
0.812500 50 3.270196 0.055583 0.001238 0.000911 0.028463 0.182666
0.825000 50 3.123168 0.055583 0.001251 0.000911 0.028558 0.182666
0.837500 50 3.061532 0.055583 0.001250 0.000911 0.028719 0.182666
0.850000 50 3.213080 0.055583 0.001245 0.000911 0.028871 0.182666
0.862500 50 3.305427 0.055583 0.001240 0.000911 0.028144 0.182666
0.875000 50 3.171336 0.055583 0.001233 0.000911 0.028499 0.182666
0.887500 50 3.104096 0.055583 0.001245 0.000911 0.028624 0.182666
0.900000 50 3.140435 0.055583 0.001232 0.000911 0.028566 0.182666
0.912500 50 3.049773 0.055583 0.001225 0.000911 0.028621 0.182666
0.925000 50 3.059384 0.055583 0.001246 0.000911 0.029153 0.182666
0.937500 50 2.798101 0.055583 0.001263 0.000911 0.028586 0.182666
0.950000 50 3.040545 0.055583 0.001265 0.000911 0.029183 0.182666
0.962500 50 2.729996 0.055583 0.001266 0.000911 0.029250 0.182666
0.975000 50 2.358549 0.055583 0.001224 0.000911 0.027643 0.182666
0.987500 50 2.358549 0.055583 0.001224 0.000911 0.027643 0.182666


% new traffic set

0.500000 50 4.126771 0.035613 0.001487 0.001090 0.044334 0.355137
0.512500 50 4.365411 0.035613 0.001489 0.001090 0.047785 0.355137
0.525000 50 3.868225 0.035613 0.001352 0.001090 0.040716 0.355137
0.537500 50 3.807885 0.035613 0.001368 0.001090 0.039729 0.355137
0.550000 50 4.084904 0.035613 0.001609 0.001090 0.045126 0.355137
0.562500 50 4.233946 0.035613 0.001588 0.001090 0.047547 0.355137
0.575000 50 4.180072 0.035613 0.001433 0.001090 0.047057 0.355137
0.587500 50 4.335478 0.035613 0.001538 0.001090 0.046500 0.355137
0.600000 50 4.177169 0.035613 0.001551 0.001090 0.045344 0.355137
0.612500 50 4.339675 0.035613 0.001594 0.001090 0.050110 0.355137
0.625000 50 4.417323 0.035613 0.001595 0.001090 0.050697 0.355137
0.637500 50 4.293974 0.035613 0.001705 0.001090 0.050480 0.355137
0.650000 50 4.122201 0.035613 0.001558 0.001090 0.044620 0.355137
0.662500 50 4.356262 0.035613 0.001721 0.001090 0.055802 0.355137
0.675000 50 4.426833 0.035613 0.001639 0.001090 0.050038 0.355137
0.687500 50 4.193487 0.035613 0.001515 0.001090 0.046632 0.355137
0.700000 50 4.535777 0.035613 0.001554 0.001090 0.051391 0.355137
0.712500 50 4.414729 0.035613 0.001808 0.001090 0.053955 0.355137
0.725000 50 4.202167 0.035613 0.001651 0.001090 0.047320 0.355137
0.737500 50 4.152777 0.035613 0.001594 0.001090 0.046441 0.355137
0.750000 50 4.497724 0.035613 0.001748 0.001090 0.052140 0.355137
0.762500 50 4.288642 0.035613 0.001536 0.001090 0.047696 0.355137
0.775000 50 4.450634 0.035613 0.001646 0.001090 0.048890 0.355137
0.787500 50 4.279013 0.035613 0.001718 0.001090 0.051165 0.355137
0.800000 50 3.790405 0.035613 0.001441 0.001090 0.040332 0.355137
0.812500 50 4.232060 0.035613 0.001602 0.001090 0.046548 0.355137
0.825000 50 4.199235 0.035613 0.001588 0.001090 0.047768 0.355137
0.837500 50 4.424336 0.035613 0.001755 0.001090 0.052351 0.355137
0.850000 50 4.157375 0.035613 0.001592 0.001090 0.048211 0.355137
0.862500 50 4.349718 0.035613 0.001756 0.001090 0.053446 0.355137
0.875000 50 4.204071 0.035613 0.001568 0.001090 0.047049 0.355137
0.887500 50 4.094132 0.035613 0.001657 0.001090 0.048535 0.355137
0.900000 50 3.556079 0.035613 0.001378 0.001090 0.034142 0.355137
0.912500 50 3.427559 0.035613 0.001413 0.001090 0.035603 0.355137
0.925000 50 3.849193 0.035613 0.001605 0.001090 0.047305 0.355137
0.937500 50 3.801632 0.035613 0.001534 0.001090 0.042920 0.355137
0.950000 50 4.018244 0.035613 0.001681 0.001090 0.047943 0.355137
0.962500 50 3.782733 0.035613 0.001583 0.001090 0.045305 0.355137
0.975000 50 2.542763 0.035613 0.001230 0.001090 0.028067 0.355137
0.987500 50 2.542763 0.035613 0.001230 0.001090 0.028067 0.355137
